{
 "cells": [
  {
   "cell_type": "code",
   "execution_count": 2,
   "id": "ebb22891",
   "metadata": {},
   "outputs": [],
   "source": [
    "import torch\n",
    "import torchani\n",
    "from torchani.datasets import ANIDataset\n",
    "from torchani.units import hartree2kcalpermol\n",
    "from torchani.utils import PERIODIC_TABLE\n",
    "import ase\n",
    "from ase import io\n",
    "from ase.optimize import BFGS\n",
    "from ase.visualize import view\n",
    "\n",
    "import numpy as np\n",
    "import pandas as pd\n",
    "import matplotlib.pyplot as plt\n",
    "import math\n",
    "from pathlib import Path"
   ]
  },
  {
   "cell_type": "code",
   "execution_count": 3,
   "id": "6ba74355",
   "metadata": {},
   "outputs": [],
   "source": [
    "def tensors_from_xyz(path):\n",
    "    with open(path, 'r') as f:\n",
    "        lines = f.readlines()\n",
    "        num_atoms = int(lines[0])\n",
    "        coordinates = []\n",
    "        species = []\n",
    "        element, a, b, c = lines[2].split()\n",
    "        cell = torch.diag(torch.tensor([float(a), float(b), float(c)]))\n",
    "        for line in lines[2:]:\n",
    "            values = line.split()\n",
    "            if values:\n",
    "                s = values[0].strip()\n",
    "                x = float(values[1])\n",
    "                y = float(values[2])\n",
    "                z = float(values[3])\n",
    "                coordinates.append([x, y, z])\n",
    "                species.append(PERIODIC_TABLE.index(s))\n",
    "        coordinates = torch.tensor(coordinates)\n",
    "        species = torch.tensor(species, dtype=torch.long)\n",
    "        assert coordinates.shape[0] == num_atoms\n",
    "        assert species.shape[0] == num_atoms\n",
    "    return species, coordinates\n",
    "\n",
    "\n",
    "\n",
    "def covariances(atomic_energies):\n",
    "    atomic_energies = atomic_energies.squeeze()\n",
    "    cov = np.cov(atomic_energies,rowvar=False)\n",
    "    atomic_variances = cov.diagonal()\n",
    "    av_sum = atomic_variances.sum()\n",
    "    atomic_stdev = np.sqrt(atomic_variances)\n",
    "    estimated_qbc = np.sqrt(sum(sum(cov)))/np.sqrt(len(atomic_variances))\n",
    "    \n",
    "    just_covariances = estimated_qbc - np.sum(atomic_variances)\n",
    "    \n",
    "    qbc = atomic_energies.sum(1).std(0,ddof=1)/np.sqrt(len(atomic_variances)) # TorchANI uses unbiased stdev, so N-1\n",
    "    \n",
    "    \n",
    "    assert math.isclose(qbc, estimated_qbc, abs_tol=0.0002) # Tolerance set to agree within 0.0002 Hartree (~.12 kcal/mol))\n",
    "\n",
    "    print('(1) Atomic energy variance', '(2) Covariances', '(3) QBC')\n",
    "    \n",
    "    return av_sum, just_covariances, qbc\n",
    "\n",
    "device = torch.device('cpu')\n",
    "model = torchani.models.ANI2xr()\n",
    "calculator = model.ase()"
   ]
  },
  {
   "cell_type": "code",
   "execution_count": 4,
   "id": "7d3152de",
   "metadata": {},
   "outputs": [],
   "source": [
    "ds_path = Path('/Users/nickterrel/.local/share/torchani/Datasets/ANI-1x-first-conformers.h5')\n",
    "\n",
    "ds = ANIDataset(locations=ds_path, names='1x first')\n",
    "device = torch.device('cpu')\n",
    "ani2xr = torchani.models.ANI2xr().double()\n",
    "calculator = torchani.models.ANI2xr().ase()"
   ]
  },
  {
   "cell_type": "code",
   "execution_count": 5,
   "id": "971ecb44",
   "metadata": {},
   "outputs": [],
   "source": [
    "path = Path('./c5h12.xyz')\n",
    "c5h12 = tensors_from_xyz(path)"
   ]
  },
  {
   "cell_type": "code",
   "execution_count": 6,
   "id": "03a62fb3",
   "metadata": {
    "scrolled": true
   },
   "outputs": [
    {
     "name": "stdout",
     "output_type": "stream",
     "text": [
      "      Step     Time          Energy          fmax\n",
      "BFGS:    0 20:30:04    -5380.202148        0.083460\n",
      "BFGS:    1 20:30:04    -5380.202637        0.024285\n",
      "BFGS:    2 20:30:04    -5380.202637        0.020974\n",
      "BFGS:    3 20:30:04    -5380.202637        0.021619\n",
      "BFGS:    4 20:30:04    -5380.202637        0.019243\n",
      "BFGS:    5 20:30:04    -5380.202637        0.011195\n",
      "BFGS:    6 20:30:04    -5380.202637        0.011082\n",
      "BFGS:    7 20:30:04    -5380.202637        0.005657\n",
      "BFGS:    8 20:30:04    -5380.202637        0.001230\n",
      "BFGS:    9 20:30:04    -5380.202637        0.000094\n"
     ]
    }
   ],
   "source": [
    "ase_c5h12 = ase.Atoms(numbers=tensors_from_xyz(path)[0],positions=tensors_from_xyz(path)[1])\n",
    "ase_c5h12.calc = calculator\n",
    "#print(ase_c5h12.positions)\n",
    "\n",
    "dyn = BFGS(ase_c5h12)\n",
    "dyn.run(fmax=0.0005)\n",
    "\n",
    "\n",
    "c5h12_species = torch.tensor(ase_c5h12.numbers[None])\n",
    "c5h12_coord = torch.tensor(ase_c5h12.positions[None])\n",
    "c5h12 = (c5h12_species, c5h12_coord)\n",
    "#print(ase_c5h12.positions)"
   ]
  },
  {
   "cell_type": "code",
   "execution_count": 7,
   "id": "3284ca68-63f2-47d1-a9a3-983b5ee64462",
   "metadata": {},
   "outputs": [
    {
     "data": {
      "text/plain": [
       "(tensor([[6, 6, 6, 6, 6, 1, 1, 1, 1, 1, 1, 1, 1, 1, 1, 1, 1]]),\n",
       " tensor([[[-1.5932e+00,  4.7584e-01,  4.8789e-07],\n",
       "          [-6.0424e-02,  4.7584e-01, -8.4279e-09],\n",
       "          [-2.1042e+00, -7.2465e-01,  8.0454e-01],\n",
       "          [-2.1042e+00,  3.7932e-01, -1.4419e+00],\n",
       "          [-2.1042e+00,  1.7728e+00,  6.3738e-01],\n",
       "          [-1.7531e+00, -5.4143e-01, -1.9241e+00],\n",
       "          [-1.7531e+00,  1.2276e+00, -2.0425e+00],\n",
       "          [-3.2008e+00,  3.7727e-01, -1.4726e+00],\n",
       "          [-1.7531e+00, -1.6689e+00,  3.7017e-01],\n",
       "          [-3.2008e+00, -7.5017e-01,  8.2165e-01],\n",
       "          [-1.7531e+00, -6.8181e-01,  1.8430e+00],\n",
       "          [ 3.3407e-01, -4.4286e-01, -4.5147e-01],\n",
       "          [ 3.3407e-01,  5.4420e-01,  1.0214e+00],\n",
       "          [ 3.3407e-01,  1.3262e+00, -5.6988e-01],\n",
       "          [-1.7531e+00,  1.8688e+00,  1.6723e+00],\n",
       "          [-3.2008e+00,  1.8004e+00,  6.5093e-01],\n",
       "          [-1.7531e+00,  2.6507e+00,  8.1045e-02]]], dtype=torch.float64))"
      ]
     },
     "execution_count": 7,
     "metadata": {},
     "output_type": "execute_result"
    }
   ],
   "source": [
    "c5h12"
   ]
  },
  {
   "cell_type": "code",
   "execution_count": 8,
   "id": "547f0fe1",
   "metadata": {
    "scrolled": true
   },
   "outputs": [
    {
     "data": {
      "text/plain": [
       "tensor([[[-206.2197, -212.5720, -212.5720, -212.5720, -212.5720,  -45.7268,\n",
       "           -45.7268,  -45.7268,  -45.7268,  -45.7268,  -45.7268,  -45.7268,\n",
       "           -45.7268,  -45.7268,  -45.7268,  -45.7268,  -45.7268]],\n",
       "\n",
       "        [[-194.2755, -191.5728, -191.5728, -191.5728, -191.5728,  -53.6970,\n",
       "           -53.6969,  -53.6970,  -53.6969,  -53.6970,  -53.6970,  -53.6970,\n",
       "           -53.6970,  -53.6970,  -53.6970,  -53.6970,  -53.6969]],\n",
       "\n",
       "        [[-193.9204, -192.1621, -192.1621, -192.1621, -192.1621,  -53.5538,\n",
       "           -53.5538,  -53.5538,  -53.5538,  -53.5538,  -53.5538,  -53.5538,\n",
       "           -53.5538,  -53.5538,  -53.5538,  -53.5538,  -53.5538]],\n",
       "\n",
       "        [[-196.2010, -198.0324, -198.0324, -198.0324, -198.0324,  -51.3933,\n",
       "           -51.3933,  -51.3933,  -51.3933,  -51.3934,  -51.3933,  -51.3933,\n",
       "           -51.3933,  -51.3933,  -51.3933,  -51.3933,  -51.3933]],\n",
       "\n",
       "        [[-194.6576, -192.6317, -192.6317, -192.6317, -192.6317,  -53.3212,\n",
       "           -53.3212,  -53.3212,  -53.3212,  -53.3212,  -53.3212,  -53.3212,\n",
       "           -53.3212,  -53.3212,  -53.3212,  -53.3212,  -53.3212]],\n",
       "\n",
       "        [[-197.1060, -205.5975, -205.5975, -205.5975, -205.5975,  -48.7891,\n",
       "           -48.7891,  -48.7891,  -48.7891,  -48.7891,  -48.7891,  -48.7891,\n",
       "           -48.7891,  -48.7891,  -48.7891,  -48.7891,  -48.7891]],\n",
       "\n",
       "        [[-192.6265, -189.0176, -189.0176, -189.0176, -189.0176,  -54.7172,\n",
       "           -54.7172,  -54.7172,  -54.7172,  -54.7173,  -54.7172,  -54.7172,\n",
       "           -54.7172,  -54.7172,  -54.7172,  -54.7172,  -54.7172]],\n",
       "\n",
       "        [[-192.2590, -186.4023, -186.4023, -186.4023, -186.4023,  -55.5571,\n",
       "           -55.5571,  -55.5571,  -55.5571,  -55.5571,  -55.5571,  -55.5571,\n",
       "           -55.5571,  -55.5571,  -55.5571,  -55.5571,  -55.5571]]],\n",
       "       dtype=torch.float64)"
      ]
     },
     "execution_count": 8,
     "metadata": {},
     "output_type": "execute_result"
    }
   ],
   "source": [
    "# Must use 'model.set_enabled(\"energy_shifter\", False)' to get output w/o GSAEs\n",
    "ani2xr.set_enabled(\"energy_shifter\", False)\n",
    "# Atomic energy, then sum over \n",
    "hartree2kcalpermol(ani2xr.atomic_energies(c5h12,ensemble_values=True).energies)"
   ]
  },
  {
   "cell_type": "code",
   "execution_count": 9,
   "id": "6e884102-8134-479a-92a7-9196b1d049a5",
   "metadata": {},
   "outputs": [
    {
     "data": {
      "text/plain": [
       "tensor([[4.4739, 8.9236, 8.9236, 8.9236, 8.9236, 3.3174, 3.3174, 3.3174, 3.3174,\n",
       "         3.3174, 3.3174, 3.3174, 3.3174, 3.3174, 3.3174, 3.3174, 3.3174]],\n",
       "       dtype=torch.float64)"
      ]
     },
     "execution_count": 9,
     "metadata": {},
     "output_type": "execute_result"
    }
   ],
   "source": [
    "hartree2kcalpermol(ani2xr.atomic_energies(c5h12,ensemble_values=True).energies.std(0))"
   ]
  },
  {
   "cell_type": "code",
   "execution_count": 10,
   "id": "1f3cb2f7-16e1-49d7-9008-23dcc12601ba",
   "metadata": {},
   "outputs": [
    {
     "data": {
      "text/plain": [
       "tensor([[[-206.2197, -212.5720, -212.5720, -212.5720, -212.5720,  -45.7268,\n",
       "           -45.7268,  -45.7268,  -45.7268,  -45.7268,  -45.7268,  -45.7268,\n",
       "           -45.7268,  -45.7268,  -45.7268,  -45.7268,  -45.7268]],\n",
       "\n",
       "        [[-194.2755, -191.5728, -191.5728, -191.5728, -191.5728,  -53.6970,\n",
       "           -53.6969,  -53.6970,  -53.6969,  -53.6970,  -53.6970,  -53.6970,\n",
       "           -53.6970,  -53.6970,  -53.6970,  -53.6970,  -53.6969]],\n",
       "\n",
       "        [[-193.9204, -192.1621, -192.1621, -192.1621, -192.1621,  -53.5538,\n",
       "           -53.5538,  -53.5538,  -53.5538,  -53.5538,  -53.5538,  -53.5538,\n",
       "           -53.5538,  -53.5538,  -53.5538,  -53.5538,  -53.5538]],\n",
       "\n",
       "        [[-196.2010, -198.0324, -198.0324, -198.0324, -198.0324,  -51.3933,\n",
       "           -51.3933,  -51.3933,  -51.3933,  -51.3934,  -51.3933,  -51.3933,\n",
       "           -51.3933,  -51.3933,  -51.3933,  -51.3933,  -51.3933]],\n",
       "\n",
       "        [[-194.6576, -192.6317, -192.6317, -192.6317, -192.6317,  -53.3212,\n",
       "           -53.3212,  -53.3212,  -53.3212,  -53.3212,  -53.3212,  -53.3212,\n",
       "           -53.3212,  -53.3212,  -53.3212,  -53.3212,  -53.3212]],\n",
       "\n",
       "        [[-197.1060, -205.5975, -205.5975, -205.5975, -205.5975,  -48.7891,\n",
       "           -48.7891,  -48.7891,  -48.7891,  -48.7891,  -48.7891,  -48.7891,\n",
       "           -48.7891,  -48.7891,  -48.7891,  -48.7891,  -48.7891]],\n",
       "\n",
       "        [[-192.6265, -189.0176, -189.0176, -189.0176, -189.0176,  -54.7172,\n",
       "           -54.7172,  -54.7172,  -54.7172,  -54.7173,  -54.7172,  -54.7172,\n",
       "           -54.7172,  -54.7172,  -54.7172,  -54.7172,  -54.7172]],\n",
       "\n",
       "        [[-192.2590, -186.4023, -186.4023, -186.4023, -186.4023,  -55.5571,\n",
       "           -55.5571,  -55.5571,  -55.5571,  -55.5571,  -55.5571,  -55.5571,\n",
       "           -55.5571,  -55.5571,  -55.5571,  -55.5571,  -55.5571]]],\n",
       "       dtype=torch.float64)"
      ]
     },
     "execution_count": 10,
     "metadata": {},
     "output_type": "execute_result"
    }
   ],
   "source": [
    "hartree2kcalpermol(ani2xr.atomic_energies(c5h12,ensemble_values=True).energies)"
   ]
  },
  {
   "cell_type": "code",
   "execution_count": 11,
   "id": "f3cbbb74",
   "metadata": {},
   "outputs": [
    {
     "data": {
      "text/plain": [
       "tensor([[-1605.2294],\n",
       "        [-1604.9303],\n",
       "        [-1605.2143],\n",
       "        [-1605.0505],\n",
       "        [-1605.0391],\n",
       "        [-1604.9653],\n",
       "        [-1605.3038],\n",
       "        [-1604.5538]], dtype=torch.float64)"
      ]
     },
     "execution_count": 11,
     "metadata": {},
     "output_type": "execute_result"
    }
   ],
   "source": [
    "# Total energy per model\n",
    "hartree2kcalpermol(ani2xr(c5h12, ensemble_values=True).energies)"
   ]
  },
  {
   "cell_type": "code",
   "execution_count": 12,
   "id": "737395f1",
   "metadata": {},
   "outputs": [
    {
     "data": {
      "text/plain": [
       "tensor([-1605.0358], dtype=torch.float64)"
      ]
     },
     "execution_count": 12,
     "metadata": {},
     "output_type": "execute_result"
    }
   ],
   "source": [
    "hartree2kcalpermol(ani2xr(c5h12).energies)"
   ]
  },
  {
   "cell_type": "code",
   "execution_count": 13,
   "id": "3ba0dbfa",
   "metadata": {},
   "outputs": [
    {
     "name": "stdout",
     "output_type": "stream",
     "text": [
      "[[-206.21965524 -212.57199659 -212.57198506 -212.57198788 -212.571985\n",
      "   -45.72681538  -45.72680268  -45.72683464  -45.7268056   -45.72684194\n",
      "   -45.72681235  -45.72681445  -45.72681209  -45.72681952  -45.72683111\n",
      "   -45.7268265   -45.7267974 ]\n",
      " [-194.2755117  -191.57283751 -191.5728365  -191.57283119 -191.57283349\n",
      "   -53.69695356  -53.69694406  -53.69696725  -53.69694495  -53.69697387\n",
      "   -53.69695019  -53.69695141  -53.69695019  -53.69695647  -53.69696668\n",
      "   -53.69696072  -53.69693863]\n",
      " [-193.92039065 -192.16214112 -192.16214328 -192.16213622 -192.16213956\n",
      "   -53.55377696  -53.55376977  -53.55379142  -53.55377015  -53.55379658\n",
      "   -53.5537745   -53.55377675  -53.5537739   -53.5537809   -53.55378945\n",
      "   -53.55378492  -53.55376448]\n",
      " [-196.20098916 -198.0323786  -198.03237583 -198.03237298 -198.0323737\n",
      "   -51.39333449  -51.39332561  -51.39334957  -51.39332613  -51.39335645\n",
      "   -51.3933313   -51.39333327  -51.39333088  -51.39333861  -51.39334863\n",
      "   -51.39334274  -51.3933197 ]\n",
      " [-194.65760713 -192.63170176 -192.63169919 -192.63169602 -192.63169675\n",
      "   -53.32122326  -53.32121466  -53.32123645  -53.32121548  -53.32124281\n",
      "   -53.32122011  -53.32122167  -53.32121951  -53.32122615  -53.32123553\n",
      "   -53.32123011  -53.32120951]\n",
      " [-197.10601004 -205.59752585 -205.59752586 -205.59752132 -205.59752401\n",
      "   -48.78909935  -48.78909112  -48.78911718  -48.78909271  -48.78912169\n",
      "   -48.78909764  -48.78910084  -48.78909685  -48.78910404  -48.78911236\n",
      "   -48.78910973  -48.78908615]\n",
      " [-192.62654118 -189.01760854 -189.01761151 -189.01760262 -189.01760677\n",
      "   -54.71723293  -54.71722548  -54.71724553  -54.71722497  -54.71725096\n",
      "   -54.71722945  -54.71723084  -54.71722895  -54.7172355   -54.71724487\n",
      "   -54.71723941  -54.71721978]\n",
      " [-192.25904698 -186.40230158 -186.40230229 -186.40229575 -186.40229855\n",
      "   -55.55712483  -55.55711621  -55.55713737  -55.55711604  -55.55714349\n",
      "   -55.55712058  -55.55712288  -55.55712056  -55.55712775  -55.55713674\n",
      "   -55.55713081  -55.5571105 ]]\n"
     ]
    }
   ],
   "source": [
    "c5h12_ae = hartree2kcalpermol(ani2xr.atomic_energies(c5h12,ensemble_values=True).energies.squeeze().detach().numpy())\n",
    "print(c5h12_ae)"
   ]
  },
  {
   "cell_type": "code",
   "execution_count": 14,
   "id": "bfb704a2",
   "metadata": {},
   "outputs": [
    {
     "data": {
      "text/plain": [
       "(8, 17)"
      ]
     },
     "execution_count": 14,
     "metadata": {},
     "output_type": "execute_result"
    }
   ],
   "source": [
    "c5h12_ae.shape"
   ]
  },
  {
   "cell_type": "code",
   "execution_count": 15,
   "id": "d3277cd4",
   "metadata": {},
   "outputs": [
    {
     "data": {
      "text/plain": [
       "0.22075329676789401"
      ]
     },
     "execution_count": 15,
     "metadata": {},
     "output_type": "execute_result"
    }
   ],
   "source": [
    "c5h12_ae.sum(1).std(0,ddof=0)"
   ]
  },
  {
   "cell_type": "code",
   "execution_count": 16,
   "id": "16240ab9",
   "metadata": {},
   "outputs": [
    {
     "data": {
      "text/plain": [
       "0.12798636749073233"
      ]
     },
     "execution_count": 16,
     "metadata": {},
     "output_type": "execute_result"
    }
   ],
   "source": [
    "hartree2kcalpermol(ani2xr.energies_qbcs(c5h12).qbcs.item()*math.sqrt(5))\n",
    "# Equal up to float rounding precision"
   ]
  },
  {
   "cell_type": "code",
   "execution_count": null,
   "id": "9803d3ae",
   "metadata": {},
   "outputs": [],
   "source": []
  },
  {
   "cell_type": "code",
   "execution_count": 17,
   "id": "72c66c36",
   "metadata": {},
   "outputs": [
    {
     "name": "stdout",
     "output_type": "stream",
     "text": [
      "(1) Atomic energy variance (2) Covariances (3) QBC\n",
      "(470.6013357324946, -470.54409848891413, 0.05723724358054595)\n"
     ]
    }
   ],
   "source": [
    "print(covariances(c5h12_ae))"
   ]
  },
  {
   "cell_type": "code",
   "execution_count": 18,
   "id": "a083d48a",
   "metadata": {},
   "outputs": [
    {
     "data": {
      "text/plain": [
       "array([0.2359952])"
      ]
     },
     "execution_count": 18,
     "metadata": {},
     "output_type": "execute_result"
    }
   ],
   "source": [
    "hartree2kcalpermol(ani2xr(c5h12, ensemble_values=True).energies.std(0).detach().numpy())"
   ]
  },
  {
   "cell_type": "code",
   "execution_count": 19,
   "id": "d4215194",
   "metadata": {},
   "outputs": [
    {
     "name": "stdout",
     "output_type": "stream",
     "text": [
      "[[ 20.01617509  37.13989246  37.13987369  37.13988832  37.13987956\n",
      "  -14.01691373 -14.01692044 -14.01690377 -14.01691597 -14.01690185\n",
      "  -14.01691273 -14.01691206 -14.01691274 -14.0169117  -14.01690834\n",
      "  -14.01690654 -14.01691998]\n",
      " [ 37.13989246  79.63115525  79.63112392  79.6311501   79.63113558\n",
      "  -29.57813119 -29.5781418  -29.57810944 -29.57813298 -29.57810786\n",
      "  -29.57812736 -29.57812472 -29.57812804 -29.57812572 -29.57812127\n",
      "  -29.57811509 -29.57814052]\n",
      " [ 37.13987369  79.63112392  79.63109258  79.63111877  79.63110425\n",
      "  -29.5781192  -29.57812981 -29.57809744 -29.57812098 -29.57809587\n",
      "  -29.57811536 -29.57811272 -29.57811605 -29.57811373 -29.57810928\n",
      "  -29.5781031  -29.57812853]\n",
      " [ 37.13988832  79.6311501   79.63111877  79.63114495  79.63113043\n",
      "  -29.57812913 -29.57813974 -29.57810738 -29.57813092 -29.5781058\n",
      "  -29.5781253  -29.57812266 -29.57812598 -29.57812367 -29.57811921\n",
      "  -29.57811303 -29.57813847]\n",
      " [ 37.13987956  79.63113558  79.63110425  79.63113043  79.63111591\n",
      "  -29.57812357 -29.57813418 -29.57810182 -29.57812536 -29.57810024\n",
      "  -29.57811974 -29.5781171  -29.57812042 -29.5781181  -29.57811365\n",
      "  -29.57810747 -29.5781329 ]\n",
      " [-14.01691373 -29.57813119 -29.5781192  -29.57812913 -29.57812357\n",
      "   11.00505846  11.00506255  11.00505039  11.00505924  11.0050497\n",
      "   11.0050571   11.00505616  11.00505733  11.00505647  11.00505471\n",
      "   11.0050525   11.00506209]\n",
      " [-14.01692044 -29.5781418  -29.57812981 -29.57813974 -29.57813418\n",
      "   11.00506255  11.00506665  11.00505449  11.00506334  11.0050538\n",
      "   11.0050612   11.00506026  11.00506142  11.00506056  11.0050588\n",
      "   11.0050566   11.00506618]\n",
      " [-14.01690377 -29.57810944 -29.57809744 -29.57810738 -29.57810182\n",
      "   11.00505039  11.00505449  11.00504232  11.00505118  11.00504164\n",
      "   11.00504904  11.0050481   11.00504926  11.0050484   11.00504664\n",
      "   11.00504444  11.00505402]\n",
      " [-14.01691597 -29.57813298 -29.57812098 -29.57813092 -29.57812536\n",
      "   11.00505924  11.00506334  11.00505118  11.00506003  11.00505049\n",
      "   11.00505789  11.00505695  11.00505811  11.00505725  11.00505549\n",
      "   11.00505329  11.00506287]\n",
      " [-14.01690185 -29.57810786 -29.57809587 -29.5781058  -29.57810024\n",
      "   11.0050497   11.0050538   11.00504164  11.00505049  11.00504095\n",
      "   11.00504835  11.00504741  11.00504858  11.00504772  11.00504596\n",
      "   11.00504375  11.00505334]\n",
      " [-14.01691273 -29.57812736 -29.57811536 -29.5781253  -29.57811974\n",
      "   11.0050571   11.0050612   11.00504904  11.00505789  11.00504835\n",
      "   11.00505575  11.00505481  11.00505597  11.00505511  11.00505336\n",
      "   11.00505115  11.00506073]\n",
      " [-14.01691206 -29.57812472 -29.57811272 -29.57812266 -29.5781171\n",
      "   11.00505616  11.00506026  11.0050481   11.00505695  11.00504741\n",
      "   11.00505481  11.00505387  11.00505503  11.00505417  11.00505242\n",
      "   11.00505021  11.00505979]\n",
      " [-14.01691274 -29.57812804 -29.57811605 -29.57812598 -29.57812042\n",
      "   11.00505733  11.00506142  11.00504926  11.00505811  11.00504858\n",
      "   11.00505597  11.00505503  11.0050562   11.00505534  11.00505358\n",
      "   11.00505138  11.00506096]\n",
      " [-14.0169117  -29.57812572 -29.57811373 -29.57812367 -29.5781181\n",
      "   11.00505647  11.00506056  11.0050484   11.00505725  11.00504772\n",
      "   11.00505511  11.00505417  11.00505534  11.00505448  11.00505272\n",
      "   11.00505052  11.0050601 ]\n",
      " [-14.01690834 -29.57812127 -29.57810928 -29.57811921 -29.57811365\n",
      "   11.00505471  11.0050588   11.00504664  11.00505549  11.00504596\n",
      "   11.00505336  11.00505242  11.00505358  11.00505272  11.00505096\n",
      "   11.00504876  11.00505834]\n",
      " [-14.01690654 -29.57811509 -29.5781031  -29.57811303 -29.57810747\n",
      "   11.0050525   11.0050566   11.00504444  11.00505329  11.00504375\n",
      "   11.00505115  11.00505021  11.00505138  11.00505052  11.00504876\n",
      "   11.00504655  11.00505614]\n",
      " [-14.01691998 -29.57814052 -29.57812853 -29.57813847 -29.5781329\n",
      "   11.00506209  11.00506618  11.00505402  11.00506287  11.00505334\n",
      "   11.00506073  11.00505979  11.00506096  11.0050601   11.00505834\n",
      "   11.00505614  11.00506572]]\n",
      "Covariance matrix:\n",
      "            0          1          2          3          4          5   \\\n",
      "0   20.016175  37.139892  37.139874  37.139888  37.139880 -14.016914   \n",
      "1   37.139892  79.631155  79.631124  79.631150  79.631136 -29.578131   \n",
      "2   37.139874  79.631124  79.631093  79.631119  79.631104 -29.578119   \n",
      "3   37.139888  79.631150  79.631119  79.631145  79.631130 -29.578129   \n",
      "4   37.139880  79.631136  79.631104  79.631130  79.631116 -29.578124   \n",
      "5  -14.016914 -29.578131 -29.578119 -29.578129 -29.578124  11.005058   \n",
      "6  -14.016920 -29.578142 -29.578130 -29.578140 -29.578134  11.005063   \n",
      "7  -14.016904 -29.578109 -29.578097 -29.578107 -29.578102  11.005050   \n",
      "8  -14.016916 -29.578133 -29.578121 -29.578131 -29.578125  11.005059   \n",
      "9  -14.016902 -29.578108 -29.578096 -29.578106 -29.578100  11.005050   \n",
      "10 -14.016913 -29.578127 -29.578115 -29.578125 -29.578120  11.005057   \n",
      "11 -14.016912 -29.578125 -29.578113 -29.578123 -29.578117  11.005056   \n",
      "12 -14.016913 -29.578128 -29.578116 -29.578126 -29.578120  11.005057   \n",
      "13 -14.016912 -29.578126 -29.578114 -29.578124 -29.578118  11.005056   \n",
      "14 -14.016908 -29.578121 -29.578109 -29.578119 -29.578114  11.005055   \n",
      "15 -14.016907 -29.578115 -29.578103 -29.578113 -29.578107  11.005053   \n",
      "16 -14.016920 -29.578141 -29.578129 -29.578138 -29.578133  11.005062   \n",
      "\n",
      "           6          7          8          9          10         11  \\\n",
      "0  -14.016920 -14.016904 -14.016916 -14.016902 -14.016913 -14.016912   \n",
      "1  -29.578142 -29.578109 -29.578133 -29.578108 -29.578127 -29.578125   \n",
      "2  -29.578130 -29.578097 -29.578121 -29.578096 -29.578115 -29.578113   \n",
      "3  -29.578140 -29.578107 -29.578131 -29.578106 -29.578125 -29.578123   \n",
      "4  -29.578134 -29.578102 -29.578125 -29.578100 -29.578120 -29.578117   \n",
      "5   11.005063  11.005050  11.005059  11.005050  11.005057  11.005056   \n",
      "6   11.005067  11.005054  11.005063  11.005054  11.005061  11.005060   \n",
      "7   11.005054  11.005042  11.005051  11.005042  11.005049  11.005048   \n",
      "8   11.005063  11.005051  11.005060  11.005050  11.005058  11.005057   \n",
      "9   11.005054  11.005042  11.005050  11.005041  11.005048  11.005047   \n",
      "10  11.005061  11.005049  11.005058  11.005048  11.005056  11.005055   \n",
      "11  11.005060  11.005048  11.005057  11.005047  11.005055  11.005054   \n",
      "12  11.005061  11.005049  11.005058  11.005049  11.005056  11.005055   \n",
      "13  11.005061  11.005048  11.005057  11.005048  11.005055  11.005054   \n",
      "14  11.005059  11.005047  11.005055  11.005046  11.005053  11.005052   \n",
      "15  11.005057  11.005044  11.005053  11.005044  11.005051  11.005050   \n",
      "16  11.005066  11.005054  11.005063  11.005053  11.005061  11.005060   \n",
      "\n",
      "           12         13         14         15         16  \n",
      "0  -14.016913 -14.016912 -14.016908 -14.016907 -14.016920  \n",
      "1  -29.578128 -29.578126 -29.578121 -29.578115 -29.578141  \n",
      "2  -29.578116 -29.578114 -29.578109 -29.578103 -29.578129  \n",
      "3  -29.578126 -29.578124 -29.578119 -29.578113 -29.578138  \n",
      "4  -29.578120 -29.578118 -29.578114 -29.578107 -29.578133  \n",
      "5   11.005057  11.005056  11.005055  11.005053  11.005062  \n",
      "6   11.005061  11.005061  11.005059  11.005057  11.005066  \n",
      "7   11.005049  11.005048  11.005047  11.005044  11.005054  \n",
      "8   11.005058  11.005057  11.005055  11.005053  11.005063  \n",
      "9   11.005049  11.005048  11.005046  11.005044  11.005053  \n",
      "10  11.005056  11.005055  11.005053  11.005051  11.005061  \n",
      "11  11.005055  11.005054  11.005052  11.005050  11.005060  \n",
      "12  11.005056  11.005055  11.005054  11.005051  11.005061  \n",
      "13  11.005055  11.005054  11.005053  11.005051  11.005060  \n",
      "14  11.005054  11.005053  11.005051  11.005049  11.005058  \n",
      "15  11.005051  11.005051  11.005049  11.005047  11.005056  \n",
      "16  11.005061  11.005060  11.005058  11.005056  11.005066  \n",
      "\n",
      "AE variance (stdev squared):\n",
      " [20.01617509 79.63115525 79.63109258 79.63114495 79.63111591 11.00505846\n",
      " 11.00506665 11.00504232 11.00506003 11.00504095 11.00505575 11.00505387\n",
      " 11.0050562  11.00505448 11.00505096 11.00504655 11.00506572]\n",
      "Sum of AE stdev:\n",
      " 79.9770939471254\n",
      "\n",
      "Sum of covariances (off-diagonal elements):\n",
      " -79.74109874612387\n",
      "QBC from ANI (w/o dividing by N_atoms):\n",
      " [0.2359952] (kcal/mol)\n",
      "Sqrt of the sum over entire covariance matrix:\n",
      " 0.23599520100152324 (kcal/mol)\n"
     ]
    },
    {
     "data": {
